C = 20;

D = 40;